{
    "0": {
        "name": "polar_040_azi_000",
        "trnsfrm": [
            [
                -0.0,
                -0.76604438,
                -0.64278758,
                0.79983348
            ],
            [
                -1.0,
                0.0,
                0.0,
                0.0
            ],
            [
                0.0,
                0.64278758,
                -0.76604438,
                0.95320439
            ]
        ]
    },
    "1": {
        "name": "polar_040_azi_018",
        "trnsfrm": [
            [
                0.309017,
                -0.72855145,
                -0.61132729,
                0.76068681
            ],
            [
                -0.95105648,
                -0.23672074,
                -0.19863228,
                0.24716213
            ],
            [
                0.0,
                0.64278752,
                -0.76604438,
                0.95320439
            ]
        ]
    },
    "2": {
        "name": "polar_040_azi_036",
        "trnsfrm": [
            [
                0.58778524,
                -0.61974305,
                -0.52002615,
                0.64707887
            ],
            [
                -0.809017,
                -0.45026964,
                -0.37782112,
                0.47013032
            ],
            [
                0.0,
                0.64278769,
                -0.7660445,
                0.95320439
            ]
        ]
    },
    "3": {
        "name": "polar_040_azi_054",
        "trnsfrm": [
            [
                0.809017,
                -0.45026958,
                -0.37782106,
                0.47013032
            ],
            [
                -0.58778524,
                -0.61974293,
                -0.52002609,
                0.64707887
            ],
            [
                0.0,
                0.64278758,
                -0.76604438,
                0.95320439
            ]
        ]
    },
    "4": {
        "name": "polar_040_azi_072",
        "trnsfrm": [
            [
                0.95105648,
                -0.23672074,
                -0.19863228,
                0.24716213
            ],
            [
                -0.309017,
                -0.72855145,
                -0.61132729,
                0.76068681
            ],
            [
                0.0,
                0.64278752,
                -0.76604438,
                0.95320439
            ]
        ]
    },
    "5": {
        "name": "polar_040_azi_090",
        "trnsfrm": [
            [
                1.0,
                -0.0,
                -0.0,
                0.0
            ],
            [
                -0.0,
                -0.76604438,
                -0.64278758,
                0.79983348
            ],
            [
                0.0,
                0.64278758,
                -0.76604438,
                0.95320439
            ]
        ]
    },
    "6": {
        "name": "polar_040_azi_108",
        "trnsfrm": [
            [
                0.95105648,
                0.23672074,
                0.19863228,
                -0.24716213
            ],
            [
                0.309017,
                -0.72855145,
                -0.61132729,
                0.76068681
            ],
            [
                -0.0,
                0.64278752,
                -0.76604438,
                0.95320439
            ]
        ]
    },
    "7": {
        "name": "polar_040_azi_126",
        "trnsfrm": [
            [
                0.809017,
                0.45026958,
                0.37782106,
                -0.47013032
            ],
            [
                0.58778524,
                -0.61974293,
                -0.52002609,
                0.64707887
            ],
            [
                -0.0,
                0.64278758,
                -0.76604438,
                0.95320439
            ]
        ]
    },
    "8": {
        "name": "polar_040_azi_144",
        "trnsfrm": [
            [
                0.58778524,
                0.61974305,
                0.52002615,
                -0.64707887
            ],
            [
                0.809017,
                -0.45026964,
                -0.37782112,
                0.47013032
            ],
            [
                -0.0,
                0.64278769,
                -0.7660445,
                0.95320439
            ]
        ]
    },
    "9": {
        "name": "polar_040_azi_162",
        "trnsfrm": [
            [
                0.309017,
                0.72855145,
                0.61132729,
                -0.76068681
            ],
            [
                0.95105648,
                -0.23672074,
                -0.19863228,
                0.24716213
            ],
            [
                -0.0,
                0.64278752,
                -0.76604438,
                0.95320439
            ]
        ]
    },
    "10": {
        "name": "polar_040_azi_180",
        "trnsfrm": [
            [
                0.0,
                0.76604438,
                0.64278758,
                -0.79983348
            ],
            [
                1.0,
                -0.0,
                -0.0,
                0.0
            ],
            [
                -0.0,
                0.64278758,
                -0.76604438,
                0.95320439
            ]
        ]
    },
    "11": {
        "name": "polar_040_azi_198",
        "trnsfrm": [
            [
                -0.309017,
                0.72855145,
                0.61132729,
                -0.76068681
            ],
            [
                0.95105648,
                0.23672074,
                0.19863228,
                -0.24716213
            ],
            [
                0.0,
                0.64278752,
                -0.76604438,
                0.95320439
            ]
        ]
    },
    "12": {
        "name": "polar_040_azi_216",
        "trnsfrm": [
            [
                -0.58778524,
                0.61974305,
                0.52002615,
                -0.64707887
            ],
            [
                0.809017,
                0.45026964,
                0.37782112,
                -0.47013032
            ],
            [
                0.0,
                0.64278769,
                -0.7660445,
                0.95320439
            ]
        ]
    },
    "13": {
        "name": "polar_040_azi_234",
        "trnsfrm": [
            [
                -0.809017,
                0.45026958,
                0.37782106,
                -0.47013032
            ],
            [
                0.58778524,
                0.61974293,
                0.52002609,
                -0.64707887
            ],
            [
                0.0,
                0.64278758,
                -0.76604438,
                0.95320439
            ]
        ]
    },
    "14": {
        "name": "polar_040_azi_252",
        "trnsfrm": [
            [
                -0.95105648,
                0.23672074,
                0.19863228,
                -0.24716213
            ],
            [
                0.309017,
                0.72855145,
                0.61132729,
                -0.76068681
            ],
            [
                0.0,
                0.64278752,
                -0.76604438,
                0.95320439
            ]
        ]
    },
    "15": {
        "name": "polar_040_azi_270",
        "trnsfrm": [
            [
                -1.0,
                0.0,
                0.0,
                -0.0
            ],
            [
                0.0,
                0.76604438,
                0.64278758,
                -0.79983348
            ],
            [
                0.0,
                0.64278758,
                -0.76604438,
                0.95320439
            ]
        ]
    },
    "16": {
        "name": "polar_040_azi_288",
        "trnsfrm": [
            [
                -0.95105648,
                -0.23672074,
                -0.19863228,
                0.24716213
            ],
            [
                -0.309017,
                0.72855145,
                0.61132729,
                -0.76068681
            ],
            [
                0.0,
                0.64278752,
                -0.76604438,
                0.95320439
            ]
        ]
    },
    "17": {
        "name": "polar_040_azi_306",
        "trnsfrm": [
            [
                -0.809017,
                -0.45026958,
                -0.37782106,
                0.47013032
            ],
            [
                -0.58778524,
                0.61974293,
                0.52002609,
                -0.64707887
            ],
            [
                0.0,
                0.64278758,
                -0.76604438,
                0.95320439
            ]
        ]
    },
    "18": {
        "name": "polar_040_azi_324",
        "trnsfrm": [
            [
                -0.58778524,
                -0.61974305,
                -0.52002615,
                0.64707887
            ],
            [
                -0.809017,
                0.45026964,
                0.37782112,
                -0.47013032
            ],
            [
                0.0,
                0.64278769,
                -0.7660445,
                0.95320439
            ]
        ]
    },
    "19": {
        "name": "polar_040_azi_342",
        "trnsfrm": [
            [
                -0.309017,
                -0.72855145,
                -0.61132729,
                0.76068681
            ],
            [
                -0.95105648,
                0.23672074,
                0.19863228,
                -0.24716213
            ],
            [
                0.0,
                0.64278752,
                -0.76604438,
                0.95320439
            ]
        ]
    },
    "20": {
        "name": "polar_055_azi_000",
        "trnsfrm": [
            [
                -0.0,
                -0.57357639,
                -0.81915194,
                1.01928723
            ],
            [
                -1.0,
                0.0,
                0.0,
                0.0
            ],
            [
                0.0,
                0.81915194,
                -0.57357639,
                0.71371263
            ]
        ]
    },
    "21": {
        "name": "polar_055_azi_015",
        "trnsfrm": [
            [
                0.25881901,
                -0.55403221,
                -0.7912401,
                0.9845559
            ],
            [
                -0.96592575,
                -0.14845248,
                -0.21201214,
                0.26381096
            ],
            [
                0.0,
                0.81915194,
                -0.57357639,
                0.71371263
            ]
        ]
    },
    "22": {
        "name": "polar_055_azi_030",
        "trnsfrm": [
            [
                0.49999997,
                -0.49673173,
                -0.70940644,
                0.8827287
            ],
            [
                -0.86602539,
                -0.28678817,
                -0.40957597,
                0.50964361
            ],
            [
                0.0,
                0.81915194,
                -0.57357639,
                0.71371263
            ]
        ]
    },
    "23": {
        "name": "polar_055_azi_045",
        "trnsfrm": [
            [
                0.70710677,
                -0.40557975,
                -0.57922798,
                0.72074497
            ],
            [
                -0.70710677,
                -0.40557975,
                -0.57922798,
                0.72074497
            ],
            [
                0.0,
                0.81915206,
                -0.57357639,
                0.71371263
            ]
        ]
    },
    "24": {
        "name": "polar_055_azi_060",
        "trnsfrm": [
            [
                0.86602539,
                -0.28678817,
                -0.40957597,
                0.50964361
            ],
            [
                -0.49999997,
                -0.49673173,
                -0.70940644,
                0.8827287
            ],
            [
                0.0,
                0.81915194,
                -0.57357639,
                0.71371263
            ]
        ]
    },
    "25": {
        "name": "polar_055_azi_075",
        "trnsfrm": [
            [
                0.96592575,
                -0.14845248,
                -0.21201214,
                0.26381096
            ],
            [
                -0.25881901,
                -0.55403221,
                -0.7912401,
                0.9845559
            ],
            [
                0.0,
                0.81915194,
                -0.57357639,
                0.71371263
            ]
        ]
    },
    "26": {
        "name": "polar_055_azi_090",
        "trnsfrm": [
            [
                1.0,
                -0.0,
                -0.0,
                0.0
            ],
            [
                -0.0,
                -0.57357639,
                -0.81915194,
                1.01928723
            ],
            [
                0.0,
                0.81915194,
                -0.57357639,
                0.71371263
            ]
        ]
    },
    "27": {
        "name": "polar_055_azi_105",
        "trnsfrm": [
            [
                0.96592575,
                0.14845248,
                0.21201214,
                -0.26381096
            ],
            [
                0.25881901,
                -0.55403221,
                -0.7912401,
                0.9845559
            ],
            [
                -0.0,
                0.81915194,
                -0.57357639,
                0.71371263
            ]
        ]
    },
    "28": {
        "name": "polar_055_azi_120",
        "trnsfrm": [
            [
                0.86602539,
                0.28678817,
                0.40957597,
                -0.50964361
            ],
            [
                0.49999997,
                -0.49673173,
                -0.70940644,
                0.8827287
            ],
            [
                -0.0,
                0.81915194,
                -0.57357639,
                0.71371263
            ]
        ]
    },
    "29": {
        "name": "polar_055_azi_135",
        "trnsfrm": [
            [
                0.70710677,
                0.40557975,
                0.57922798,
                -0.72074497
            ],
            [
                0.70710677,
                -0.40557975,
                -0.57922798,
                0.72074497
            ],
            [
                -0.0,
                0.81915206,
                -0.57357639,
                0.71371263
            ]
        ]
    },
    "30": {
        "name": "polar_055_azi_150",
        "trnsfrm": [
            [
                0.49999997,
                0.49673173,
                0.70940644,
                -0.8827287
            ],
            [
                0.86602539,
                -0.28678817,
                -0.40957597,
                0.50964361
            ],
            [
                -0.0,
                0.81915194,
                -0.57357639,
                0.71371263
            ]
        ]
    },
    "31": {
        "name": "polar_055_azi_165",
        "trnsfrm": [
            [
                0.25881901,
                0.55403221,
                0.7912401,
                -0.9845559
            ],
            [
                0.96592575,
                -0.14845248,
                -0.21201214,
                0.26381096
            ],
            [
                -0.0,
                0.81915194,
                -0.57357639,
                0.71371263
            ]
        ]
    },
    "32": {
        "name": "polar_055_azi_180",
        "trnsfrm": [
            [
                0.0,
                0.57357639,
                0.81915194,
                -1.01928723
            ],
            [
                1.0,
                -0.0,
                -0.0,
                0.0
            ],
            [
                -0.0,
                0.81915194,
                -0.57357639,
                0.71371263
            ]
        ]
    },
    "33": {
        "name": "polar_055_azi_195",
        "trnsfrm": [
            [
                -0.25881901,
                0.55403221,
                0.7912401,
                -0.9845559
            ],
            [
                0.96592575,
                0.14845248,
                0.21201214,
                -0.26381096
            ],
            [
                0.0,
                0.81915194,
                -0.57357639,
                0.71371263
            ]
        ]
    },
    "34": {
        "name": "polar_055_azi_210",
        "trnsfrm": [
            [
                -0.49999997,
                0.49673173,
                0.70940644,
                -0.8827287
            ],
            [
                0.86602539,
                0.28678817,
                0.40957597,
                -0.50964361
            ],
            [
                0.0,
                0.81915194,
                -0.57357639,
                0.71371263
            ]
        ]
    },
    "35": {
        "name": "polar_055_azi_225",
        "trnsfrm": [
            [
                -0.70710677,
                0.40557975,
                0.57922798,
                -0.72074497
            ],
            [
                0.70710677,
                0.40557975,
                0.57922798,
                -0.72074497
            ],
            [
                0.0,
                0.81915206,
                -0.57357639,
                0.71371263
            ]
        ]
    },
    "36": {
        "name": "polar_055_azi_240",
        "trnsfrm": [
            [
                -0.86602539,
                0.28678817,
                0.40957597,
                -0.50964361
            ],
            [
                0.49999997,
                0.49673173,
                0.70940644,
                -0.8827287
            ],
            [
                0.0,
                0.81915194,
                -0.57357639,
                0.71371263
            ]
        ]
    },
    "37": {
        "name": "polar_055_azi_255",
        "trnsfrm": [
            [
                -0.96592575,
                0.14845248,
                0.21201214,
                -0.26381096
            ],
            [
                0.25881901,
                0.55403221,
                0.7912401,
                -0.9845559
            ],
            [
                0.0,
                0.81915194,
                -0.57357639,
                0.71371263
            ]
        ]
    },
    "38": {
        "name": "polar_055_azi_270",
        "trnsfrm": [
            [
                -1.0,
                0.0,
                0.0,
                -0.0
            ],
            [
                0.0,
                0.57357639,
                0.81915194,
                -1.01928723
            ],
            [
                0.0,
                0.81915194,
                -0.57357639,
                0.71371263
            ]
        ]
    },
    "39": {
        "name": "polar_055_azi_285",
        "trnsfrm": [
            [
                -0.96592575,
                -0.14845248,
                -0.21201214,
                0.26381096
            ],
            [
                -0.25881901,
                0.55403221,
                0.7912401,
                -0.9845559
            ],
            [
                0.0,
                0.81915194,
                -0.57357639,
                0.71371263
            ]
        ]
    },
    "40": {
        "name": "polar_055_azi_300",
        "trnsfrm": [
            [
                -0.86602539,
                -0.28678817,
                -0.40957597,
                0.50964361
            ],
            [
                -0.49999997,
                0.49673173,
                0.70940644,
                -0.8827287
            ],
            [
                0.0,
                0.81915194,
                -0.57357639,
                0.71371263
            ]
        ]
    },
    "41": {
        "name": "polar_055_azi_315",
        "trnsfrm": [
            [
                -0.70710677,
                -0.40557975,
                -0.57922798,
                0.72074497
            ],
            [
                -0.70710677,
                0.40557975,
                0.57922798,
                -0.72074497
            ],
            [
                0.0,
                0.81915206,
                -0.57357639,
                0.71371263
            ]
        ]
    },
    "42": {
        "name": "polar_055_azi_330",
        "trnsfrm": [
            [
                -0.49999997,
                -0.49673173,
                -0.70940644,
                0.8827287
            ],
            [
                -0.86602539,
                0.28678817,
                0.40957597,
                -0.50964361
            ],
            [
                0.0,
                0.81915194,
                -0.57357639,
                0.71371263
            ]
        ]
    },
    "43": {
        "name": "polar_055_azi_345",
        "trnsfrm": [
            [
                -0.25881901,
                -0.55403221,
                -0.7912401,
                0.9845559
            ],
            [
                -0.96592575,
                0.14845248,
                0.21201214,
                -0.26381096
            ],
            [
                0.0,
                0.81915194,
                -0.57357639,
                0.71371263
            ]
        ]
    },
    "44": {
        "name": "polar_070_azi_000",
        "trnsfrm": [
            [
                -0.0,
                -0.34202009,
                -0.9396925,
                1.16927826
            ],
            [
                -0.99999994,
                0.0,
                0.0,
                0.0
            ],
            [
                0.0,
                0.93969244,
                -0.34202012,
                0.4255825
            ]
        ]
    },
    "45": {
        "name": "polar_070_azi_015",
        "trnsfrm": [
            [
                0.25881904,
                -0.33036608,
                -0.9076733,
                1.12943614
            ],
            [
                -0.96592581,
                -0.08852132,
                -0.24321033,
                0.3026315
            ],
            [
                0.0,
                0.9396925,
                -0.34202012,
                0.4255825
            ]
        ]
    },
    "46": {
        "name": "polar_070_azi_030",
        "trnsfrm": [
            [
                0.49999997,
                -0.29619813,
                -0.81379765,
                1.01262474
            ],
            [
                -0.86602545,
                -0.17101005,
                -0.46984625,
                0.58463913
            ],
            [
                0.0,
                0.93969262,
                -0.34202012,
                0.4255825
            ]
        ]
    },
    "47": {
        "name": "polar_070_azi_045",
        "trnsfrm": [
            [
                0.70710683,
                -0.24184476,
                -0.66446298,
                0.82680464
            ],
            [
                -0.70710683,
                -0.24184476,
                -0.66446298,
                0.82680464
            ],
            [
                0.0,
                0.93969262,
                -0.34202012,
                0.4255825
            ]
        ]
    },
    "48": {
        "name": "polar_070_azi_060",
        "trnsfrm": [
            [
                0.86602545,
                -0.17101005,
                -0.46984625,
                0.58463913
            ],
            [
                -0.49999997,
                -0.29619813,
                -0.81379765,
                1.01262474
            ],
            [
                0.0,
                0.93969262,
                -0.34202012,
                0.4255825
            ]
        ]
    },
    "49": {
        "name": "polar_070_azi_075",
        "trnsfrm": [
            [
                0.96592581,
                -0.08852132,
                -0.24321033,
                0.3026315
            ],
            [
                -0.25881904,
                -0.33036608,
                -0.9076733,
                1.12943614
            ],
            [
                0.0,
                0.9396925,
                -0.34202012,
                0.4255825
            ]
        ]
    },
    "50": {
        "name": "polar_070_azi_090",
        "trnsfrm": [
            [
                0.99999994,
                -0.0,
                -0.0,
                0.0
            ],
            [
                -0.0,
                -0.34202009,
                -0.9396925,
                1.16927826
            ],
            [
                0.0,
                0.93969244,
                -0.34202012,
                0.4255825
            ]
        ]
    },
    "51": {
        "name": "polar_070_azi_105",
        "trnsfrm": [
            [
                0.96592581,
                0.08852132,
                0.24321033,
                -0.3026315
            ],
            [
                0.25881904,
                -0.33036608,
                -0.9076733,
                1.12943614
            ],
            [
                -0.0,
                0.9396925,
                -0.34202012,
                0.4255825
            ]
        ]
    },
    "52": {
        "name": "polar_070_azi_120",
        "trnsfrm": [
            [
                0.86602545,
                0.17101005,
                0.46984625,
                -0.58463913
            ],
            [
                0.49999997,
                -0.29619813,
                -0.81379765,
                1.01262474
            ],
            [
                -0.0,
                0.93969262,
                -0.34202012,
                0.4255825
            ]
        ]
    },
    "53": {
        "name": "polar_070_azi_135",
        "trnsfrm": [
            [
                0.70710683,
                0.24184476,
                0.66446298,
                -0.82680464
            ],
            [
                0.70710683,
                -0.24184476,
                -0.66446298,
                0.82680464
            ],
            [
                -0.0,
                0.93969262,
                -0.34202012,
                0.4255825
            ]
        ]
    },
    "54": {
        "name": "polar_070_azi_150",
        "trnsfrm": [
            [
                0.49999997,
                0.29619813,
                0.81379765,
                -1.01262474
            ],
            [
                0.86602545,
                -0.17101005,
                -0.46984625,
                0.58463913
            ],
            [
                -0.0,
                0.93969262,
                -0.34202012,
                0.4255825
            ]
        ]
    },
    "55": {
        "name": "polar_070_azi_165",
        "trnsfrm": [
            [
                0.25881904,
                0.33036608,
                0.9076733,
                -1.12943614
            ],
            [
                0.96592581,
                -0.08852132,
                -0.24321033,
                0.3026315
            ],
            [
                -0.0,
                0.9396925,
                -0.34202012,
                0.4255825
            ]
        ]
    },
    "56": {
        "name": "polar_070_azi_180",
        "trnsfrm": [
            [
                0.0,
                0.34202009,
                0.9396925,
                -1.16927826
            ],
            [
                0.99999994,
                -0.0,
                -0.0,
                0.0
            ],
            [
                -0.0,
                0.93969244,
                -0.34202012,
                0.4255825
            ]
        ]
    },
    "57": {
        "name": "polar_070_azi_195",
        "trnsfrm": [
            [
                -0.25881904,
                0.33036608,
                0.9076733,
                -1.12943614
            ],
            [
                0.96592581,
                0.08852132,
                0.24321033,
                -0.3026315
            ],
            [
                0.0,
                0.9396925,
                -0.34202012,
                0.4255825
            ]
        ]
    },
    "58": {
        "name": "polar_070_azi_210",
        "trnsfrm": [
            [
                -0.49999997,
                0.29619813,
                0.81379765,
                -1.01262474
            ],
            [
                0.86602545,
                0.17101005,
                0.46984625,
                -0.58463913
            ],
            [
                0.0,
                0.93969262,
                -0.34202012,
                0.4255825
            ]
        ]
    },
    "59": {
        "name": "polar_070_azi_225",
        "trnsfrm": [
            [
                -0.70710683,
                0.24184476,
                0.66446298,
                -0.82680464
            ],
            [
                0.70710683,
                0.24184476,
                0.66446298,
                -0.82680464
            ],
            [
                0.0,
                0.93969262,
                -0.34202012,
                0.4255825
            ]
        ]
    },
    "60": {
        "name": "polar_070_azi_240",
        "trnsfrm": [
            [
                -0.86602545,
                0.17101005,
                0.46984625,
                -0.58463913
            ],
            [
                0.49999997,
                0.29619813,
                0.81379765,
                -1.01262474
            ],
            [
                0.0,
                0.93969262,
                -0.34202012,
                0.4255825
            ]
        ]
    },
    "61": {
        "name": "polar_070_azi_255",
        "trnsfrm": [
            [
                -0.96592581,
                0.08852132,
                0.24321033,
                -0.3026315
            ],
            [
                0.25881904,
                0.33036608,
                0.9076733,
                -1.12943614
            ],
            [
                0.0,
                0.9396925,
                -0.34202012,
                0.4255825
            ]
        ]
    },
    "62": {
        "name": "polar_070_azi_270",
        "trnsfrm": [
            [
                -0.99999994,
                0.0,
                0.0,
                -0.0
            ],
            [
                0.0,
                0.34202009,
                0.9396925,
                -1.16927826
            ],
            [
                0.0,
                0.93969244,
                -0.34202012,
                0.4255825
            ]
        ]
    },
    "63": {
        "name": "polar_070_azi_285",
        "trnsfrm": [
            [
                -0.96592581,
                -0.08852132,
                -0.24321033,
                0.3026315
            ],
            [
                -0.25881904,
                0.33036608,
                0.9076733,
                -1.12943614
            ],
            [
                0.0,
                0.9396925,
                -0.34202012,
                0.4255825
            ]
        ]
    },
    "64": {
        "name": "polar_070_azi_300",
        "trnsfrm": [
            [
                -0.86602545,
                -0.17101005,
                -0.46984625,
                0.58463913
            ],
            [
                -0.49999997,
                0.29619813,
                0.81379765,
                -1.01262474
            ],
            [
                0.0,
                0.93969262,
                -0.34202012,
                0.4255825
            ]
        ]
    },
    "65": {
        "name": "polar_070_azi_315",
        "trnsfrm": [
            [
                -0.70710683,
                -0.24184476,
                -0.66446298,
                0.82680464
            ],
            [
                -0.70710683,
                0.24184476,
                0.66446298,
                -0.82680464
            ],
            [
                0.0,
                0.93969262,
                -0.34202012,
                0.4255825
            ]
        ]
    },
    "66": {
        "name": "polar_070_azi_330",
        "trnsfrm": [
            [
                -0.49999997,
                -0.29619813,
                -0.81379765,
                1.01262474
            ],
            [
                -0.86602545,
                0.17101005,
                0.46984625,
                -0.58463913
            ],
            [
                0.0,
                0.93969262,
                -0.34202012,
                0.4255825
            ]
        ]
    },
    "67": {
        "name": "polar_070_azi_345",
        "trnsfrm": [
            [
                -0.25881904,
                -0.33036608,
                -0.9076733,
                1.12943614
            ],
            [
                -0.96592581,
                0.08852132,
                0.24321033,
                -0.3026315
            ],
            [
                0.0,
                0.9396925,
                -0.34202012,
                0.4255825
            ]
        ]
    },
    "68": {
        "name": "polar_085_azi_000",
        "trnsfrm": [
            [
                -0.0,
                -0.08715573,
                -0.99619466,
                1.23958504
            ],
            [
                -0.99999994,
                0.0,
                0.0,
                0.0
            ],
            [
                0.0,
                0.9961946,
                -0.08715574,
                0.10844963
            ]
        ]
    },
    "69": {
        "name": "polar_085_azi_012",
        "trnsfrm": [
            [
                0.20791167,
                -0.08525117,
                -0.97442544,
                1.21249712
            ],
            [
                -0.97814757,
                -0.01812069,
                -0.20712051,
                0.2577242
            ],
            [
                0.0,
                0.9961946,
                -0.08715574,
                0.10844963
            ]
        ]
    },
    "70": {
        "name": "polar_085_azi_024",
        "trnsfrm": [
            [
                0.40673667,
                -0.07962073,
                -0.91006905,
                1.1324172
            ],
            [
                -0.91354549,
                -0.03544943,
                -0.40518889,
                0.50418466
            ],
            [
                0.0,
                0.99619466,
                -0.08715574,
                0.10844963
            ]
        ]
    },
    "71": {
        "name": "polar_085_azi_036",
        "trnsfrm": [
            [
                0.58778518,
                -0.07051046,
                -0.80593836,
                1.00284529
            ],
            [
                -0.80901688,
                -0.05122885,
                -0.58554852,
                0.7286098
            ],
            [
                0.0,
                0.99619448,
                -0.08715574,
                0.10844963
            ]
        ]
    },
    "72": {
        "name": "polar_085_azi_048",
        "trnsfrm": [
            [
                0.74314475,
                -0.05831857,
                -0.66658431,
                0.82944423
            ],
            [
                -0.66913056,
                -0.06476933,
                -0.74031687,
                0.92119116
            ],
            [
                0.0,
                0.99619454,
                -0.08715574,
                0.10844963
            ]
        ]
    },
    "73": {
        "name": "polar_085_azi_060",
        "trnsfrm": [
            [
                0.86602533,
                -0.04357786,
                -0.49809733,
                0.61979252
            ],
            [
                -0.49999997,
                -0.07547908,
                -0.86272985,
                1.07351208
            ],
            [
                0.0,
                0.99619454,
                -0.08715574,
                0.10844963
            ]
        ]
    },
    "74": {
        "name": "polar_085_azi_072",
        "trnsfrm": [
            [
                0.95105642,
                -0.0269326,
                -0.30784106,
                0.38305283
            ],
            [
                -0.30901697,
                -0.08289003,
                -0.94743741,
                1.17891538
            ],
            [
                0.0,
                0.99619454,
                -0.08715574,
                0.10844963
            ]
        ]
    },
    "75": {
        "name": "polar_085_azi_084",
        "trnsfrm": [
            [
                0.9945218,
                -0.00911025,
                -0.10413069,
                0.12957191
            ],
            [
                -0.10452846,
                -0.08667828,
                -0.99073738,
                1.2327944
            ],
            [
                0.0,
                0.99619454,
                -0.08715574,
                0.10844963
            ]
        ]
    },
    "76": {
        "name": "polar_085_azi_096",
        "trnsfrm": [
            [
                0.9945218,
                0.00911025,
                0.10413069,
                -0.12957191
            ],
            [
                0.10452846,
                -0.08667828,
                -0.99073738,
                1.2327944
            ],
            [
                -0.0,
                0.99619454,
                -0.08715574,
                0.10844963
            ]
        ]
    },
    "77": {
        "name": "polar_085_azi_108",
        "trnsfrm": [
            [
                0.95105642,
                0.0269326,
                0.30784106,
                -0.38305283
            ],
            [
                0.30901697,
                -0.08289003,
                -0.94743741,
                1.17891538
            ],
            [
                -0.0,
                0.99619454,
                -0.08715574,
                0.10844963
            ]
        ]
    },
    "78": {
        "name": "polar_085_azi_120",
        "trnsfrm": [
            [
                0.86602533,
                0.04357786,
                0.49809733,
                -0.61979252
            ],
            [
                0.49999997,
                -0.07547908,
                -0.86272985,
                1.07351208
            ],
            [
                -0.0,
                0.99619454,
                -0.08715574,
                0.10844963
            ]
        ]
    },
    "79": {
        "name": "polar_085_azi_132",
        "trnsfrm": [
            [
                0.74314475,
                0.05831857,
                0.66658431,
                -0.82944423
            ],
            [
                0.66913056,
                -0.06476933,
                -0.74031687,
                0.92119116
            ],
            [
                -0.0,
                0.99619454,
                -0.08715574,
                0.10844963
            ]
        ]
    },
    "80": {
        "name": "polar_085_azi_144",
        "trnsfrm": [
            [
                0.58778518,
                0.07051046,
                0.80593836,
                -1.00284529
